159389, 25898.4, 48229.2, -329.7, -7901.06, 5332.36
25898.4, 187797, -93443.7, 11367.5, 218.339, 3589.36
48229.2, -93443.7, 70466.7, -6400.39, -3219.46, 111.361
-329.7, 11367.5, -6400.39, 711.236, 109.717, 158.227
-7901.06, 218.339, -3219.46, 109.717, 404.06, -241.86
5332.36, 3589.36, 111.361, 158.227, -241.86, 219.126
