1.64351e+17, 3.48443e+16, 2.48337e+16, 5.66157e+14, -7.98786e+15, 7.71291e+15, 1.08115e+17, 5.2549e+16, 1.18841e+17, 2.89118e+15, -1.05324e+16, 2.07962e+15, 1.53394e+16, -9.86926e+15, 1.47347e+17, 3.96565e+15, -1.03325e+16, -1.06244e+15, -3.15989e+16, -8.67749e+16, 8.86189e+16, 6.2381e+15, -7.61826e+15, -5.31878e+15, -9.61927e+16, -4.65939e+16, 2.99272e+16, 3.17474e+15, -9.54448e+15, -4.90264e+15, 8.76152e+16, -9.67159e+16, -1.48453e+16, 2.0187e+15, 3.50655e+15, -1.04327e+16, 5.37263e+15, 6.08877e+13, -2.47967e+15, -2.38981e+14, 2.12705e+14, -5.12573e+14, 7.40795e+15, -5.24987e+14, 4.40732e+14, 3.93093e+13, 5.03552e+13, -6.00739e+14, 2.34587e+08, 5.8007e+07, -2.12771e+08, -1.57171e+07, 8.50452e+06, -7.19275e+06, 1.16511e+08, -9.53645e+07, -5.15147e+07, -7.13252e+06, 170558, -6.0608e+06, -2.69259e+07, 6.72229e+06, 4.0053e+07, -841569, -326217, -756983, -6.36248e+07, 5.15018e+06, 1.89255e+07, -13017.7, -251784, 366948
3.48443e+16, 1.08185e+16, 5.37755e+15, 5.47661e+14, -1.5981e+15, 1.39386e+15, 2.04607e+16, 1.36736e+16, 2.66781e+16, 9.39756e+14, -1.88682e+15, 5.94527e+14, 2.21375e+14, -1.09787e+15, 3.20269e+16, 9.2818e+14, -1.97192e+15, 2.16017e+14, -7.87003e+15, -1.78722e+16, 1.89032e+16, 1.2139e+15, -1.71369e+15, -1.09384e+15, -2.0998e+16, -8.96999e+15, 6.20365e+15, 5.29013e+14, -2.03927e+15, -1.08457e+15, 1.83692e+16, -2.13137e+16, -2.20653e+15, 4.48041e+14, 5.97565e+14, -2.24877e+15, -1.41207e+15, -1.61121e+13, 6.51691e+14, 6.28099e+13, -5.59023e+13, 1.34715e+14, -1.94686e+15, 1.37903e+14, -1.15832e+14, -1.03306e+13, -1.32335e+13, 1.57877e+14, -2.97239e+08, -4.36866e+07, 7.98241e+08, 2.66968e+07, -2.21732e+07, 1.31355e+07, -1.37709e+08, 1.90138e+08, 2.65183e+08, 7.68479e+06, -3.34737e+06, 9.2626e+06, -6.56809e+07, 4.70667e+07, 8.80561e+07, 729816, -1.05252e+06, 1.37111e+06, -8.89608e+07, 1.63696e+07, 3.52505e+07, 292386, -667186, 739541
2.48337e+16, 5.37755e+15, 4.01142e+15, 1.78909e+14, -1.20445e+15, 1.03194e+15, 1.59741e+16, 8.02955e+15, 1.81739e+16, 5.44854e+14, -1.47244e+15, 2.87502e+14, 1.92071e+15, -1.59199e+15, 2.23147e+16, 6.6867e+14, -1.44778e+15, -6.64826e+13, -4.5022e+15, -1.30668e+16, 1.32195e+16, 9.51679e+14, -1.12046e+15, -8.01778e+14, -1.42616e+16, -7.12874e+15, 4.49705e+15, 5.00849e+14, -1.42318e+15, -7.24212e+14, 1.31285e+16, -1.43022e+16, -2.39136e+15, 2.97932e+14, 5.50757e+14, -1.55199e+15, 1.27192e+15, 1.41889e+13, -5.87118e+14, -5.65804e+13, 5.03599e+13, -1.21355e+14, 1.75387e+15, -1.24456e+14, 1.04332e+14, 9.30703e+12, 1.19223e+13, -1.42233e+14, -1.93908e+07, -5.46478e+07, -4.36306e+08, -9.87477e+06, 6.28214e+06, -2.25965e+06, 1.88045e+07, -1.41989e+08, -1.78743e+08, -4.12307e+06, 1.7048e+06, -4.13143e+06, 7.69438e+07, -5.78919e+07, -1.08076e+08, -553826, 1.12968e+06, -1.11307e+06, 1.21875e+08, -1.78388e+07, -4.34157e+07, -271896, 697444, -922562
5.66157e+14, 5.47661e+14, 1.78909e+14, 8.06488e+13, -1.63122e+13, -4.42796e+13, -2.44939e+13, 5.01717e+14, 6.45887e+14, 8.2314e+13, 4.1389e+13, 1.55677e+13, -4.20241e+14, 5.15826e+13, 6.12882e+14, 4.65533e+13, 2.6001e+13, 7.67263e+13, -1.55113e+14, -2.2409e+14, 2.64633e+14, 1.25883e+13, -2.7393e+13, -1.31667e+13, -3.13813e+14, -8.70702e+13, 7.98622e+13, 1.48829e+12, -2.87489e+13, -1.67719e+13, 2.44957e+14, -3.26411e+14, 7.50018e+12, 6.98505e+12, 2.36098e+12, -3.24907e+13, -1.22256e+14, -1.3832e+12, 5.64271e+13, 5.43834e+12, -4.84024e+12, 1.16642e+13, -1.68563e+14, 1.19474e+13, -1.00284e+13, -8.94463e+11, -1.14582e+12, 1.36695e+13, -1.26619e+07, -2.05545e+06, 2.34357e+07, 1.08904e+06, -702917, 570269, -6.14986e+06, 7.09385e+06, 7.49458e+06, 409644, -42390.9, 367841, -1.25752e+06, 1.15284e+06, 1.23177e+06, 55014.7, -2782.5, 73074.2, -799948, 218644, 371352, 5226.33, -6193.41, 13031.6
-7.98786e+15, -1.5981e+15, -1.20445e+15, -1.63122e+13, 3.91369e+14, -3.79781e+14, -5.32007e+15, -2.48629e+15, -5.73467e+15, -1.32792e+14, 5.20428e+14, -9.5865e+13, -8.26435e+14, 5.04707e+14, -7.13911e+15, -1.91614e+14, 5.06899e+14, 6.33005e+13, 1.50106e+15, 4.2304e+15, -4.30286e+15, -3.06919e+14, 3.6685e+14, 2.58779e+14, 4.65582e+15, 2.29305e+15, -1.45886e+15, -1.58833e+14, 4.63361e+14, 2.36843e+14, -4.2645e+15, 4.67481e+15, 7.51144e+14, -9.74755e+13, -1.75016e+14, 5.05859e+14, -3.41543e+14, -3.86296e+12, 1.57637e+14, 1.51926e+13, -1.35221e+13, 3.25854e+13, -4.70929e+14, 3.33789e+13, -2.80172e+13, -2.49894e+12, -3.20117e+12, 3.81898e+13, -9.18336e+06, -1.16725e+06, 1.88588e+07, 962532, -516064, 492321, -6.02429e+06, 7.15415e+06, 6.72659e+06, 419140, 14381.3, 395681, -1.19237e+06, 742474, 927304, 29290.3, 1449.51, 54747.6, -607105, 78968.8, 219907, 411.558, -5991.98, 3918.31
7.71291e+15, 1.39386e+15, 1.03194e+15, -4.42796e+13, -3.79781e+14, 4.45618e+14, 5.39314e+15, 2.2761e+15, 5.39155e+15, 6.11189e+13, -5.7444e+14, 1.05132e+14, 1.08814e+15, -4.76768e+14, 6.84884e+15, 1.43508e+14, -5.56241e+14, -1.21536e+14, -1.55938e+15, -4.12713e+15, 4.23863e+15, 2.92038e+14, -3.69162e+14, -2.54365e+14, -4.6222e+15, -2.18276e+15, 1.42271e+15, 1.44882e+14, -4.56571e+14, -2.36258e+14, 4.17473e+15, -4.65677e+15, -6.64951e+14, 9.73489e+13, 1.60645e+14, -4.99981e+14, 1.3724e+14, 1.55292e+12, -6.33428e+13, -6.10485e+12, 5.43345e+12, -1.30937e+13, 1.89222e+14, -1.34117e+13, 1.12575e+13, 1.00409e+12, 1.28624e+12, -1.53449e+13, -8.93749e+06, -3.58081e+06, 1.59171e+07, 363301, -642891, 200144, -3.51915e+06, 318461, 4.36334e+06, -65265.9, -138179, 148600, -845665, -819415, 353638, -59525.2, -11375.9, -23732.5, -1.05831e+06, -167721, 95633.5, -12883, 7693.33, 2099.33
1.08115e+17, 2.04607e+16, 1.59741e+16, -2.4494e+13, -5.32007e+15, 5.39314e+15, 4.14408e+18, -1.23146e+19, -8.68654e+18, -5.21843e+17, -4.23817e+17, 3.44812e+17, 1.13326e+19, -6.79501e+18, -8.62772e+18, -4.91735e+17, -5.19013e+17, -2.4425e+17, 1.36456e+19, -2.07885e+17, -5.42403e+18, -2.63052e+17, -2.47765e+17, -6.62945e+17, -6.29752e+16, -3.17891e+16, 2.09788e+16, 2.18283e+15, -6.37092e+15, -3.26104e+15, 5.89221e+16, -6.31096e+16, -9.92899e+15, 1.33736e+15, 2.40422e+15, -6.94204e+15, 4.7232e+15, 5.82051e+13, -2.17846e+15, -2.10154e+14, 1.8701e+14, -4.50702e+14, 6.51045e+15, -4.60258e+14, 3.87428e+14, 3.45471e+13, 4.42565e+13, -5.27976e+14, 1.73209e+09, 1.50063e+09, -2.38883e+09, -7.14082e+06, -1.11517e+08, -9.00637e+07, 2.72129e+09, -1.40668e+09, -1.78062e+09, -3.51425e+07, -1.31001e+08, 5.73495e+07, 3.50283e+09, -4.56405e+08, 1.13979e+07, -2.20423e+07, -1.42201e+08, 4.2519e+07, 2.839e+09, 1.31002e+09, 9.96627e+08, 2.00595e+07, -1.19261e+08, 8.96258e+07
5.2549e+16, 1.36736e+16, 8.02955e+15, 5.01717e+14, -2.48629e+15, 2.2761e+15, -1.23146e+19, 3.75019e+19, 2.66535e+19, 1.58997e+18, 1.26086e+18, -1.04204e+18, -3.43591e+19, 2.05986e+19, 2.65448e+19, 1.50165e+18, 1.55056e+18, 7.37863e+17, -4.14984e+19, 4.24139e+17, 1.66787e+19, 8.13322e+17, 7.34349e+17, 2.00012e+18, -3.11632e+16, -1.43349e+16, 9.66765e+15, 9.16742e+14, -3.07642e+15, -1.60606e+15, 2.80972e+16, -3.14337e+16, -4.00877e+15, 6.63046e+14, 1.02219e+15, -3.37893e+15, -1.04006e+14, -5.36161e+10, 4.83661e+13, 4.61395e+12, -4.11408e+12, 9.90538e+12, -1.43818e+14, 1.04812e+13, -8.53044e+12, -7.63253e+11, -9.77128e+11, 1.166e+13, -1.13327e+09, -1.05136e+09, 1.84294e+09, 1.03568e+07, 7.63586e+07, 6.66959e+07, -1.85621e+09, 1.07858e+09, 1.38161e+09, 2.72579e+07, 9.35822e+07, -3.81005e+07, -2.52142e+09, 4.01623e+08, 1.25642e+08, 1.56934e+07, 1.02373e+08, -2.721e+07, -2.14964e+09, -9.05946e+08, -6.34523e+08, -1.6526e+07, 8.65499e+07, -6.34379e+07
1.18841e+17, 2.66781e+16, 1.81739e+16, 6.45887e+14, -5.73467e+15, 5.39155e+15, -8.68654e+18, 2.66535e+19, 1.89949e+19, 1.13028e+18, 8.89961e+17, -7.39018e+17, -2.43918e+19, 1.46156e+19, 1.89306e+19, 1.06823e+18, 1.09585e+18, 5.23192e+17, -2.94865e+19, 2.55778e+17, 1.18891e+19, 5.80676e+17, 5.17765e+17, 1.41775e+18, -6.96919e+16, -3.32905e+16, 2.1386e+16, 2.24673e+15, -6.88356e+15, -3.54594e+15, 6.30512e+16, -7.01467e+16, -1.04972e+16, 1.46108e+15, 2.48551e+15, -7.53142e+15, 3.13336e+15, 3.38972e+13, -1.44667e+15, -1.39358e+14, 1.24048e+14, -2.98913e+14, 4.32109e+15, -3.06689e+14, 2.57044e+14, 2.29294e+13, 2.93721e+13, -3.50411e+14, -7.77975e+08, -9.8151e+08, 1.071e+09, -1.39476e+07, 7.52733e+07, 5.51659e+07, -1.52011e+09, 6.37921e+08, 1.06874e+09, 1.01199e+07, 8.52137e+07, -3.89344e+07, -2.14786e+09, 1.90599e+08, 9.86616e+07, 7.19685e+06, 8.96689e+07, -2.72351e+07, -1.84711e+09, -7.51979e+08, -4.96845e+08, -1.61031e+07, 7.30133e+07, -5.30442e+07
2.89119e+15, 9.39756e+14, 5.44854e+14, 8.2314e+13, -1.32792e+14, 6.11189e+13, -5.21843e+17, 1.58997e+18, 1.13028e+18, 6.74674e+16, 5.34676e+16, -4.4163e+16, -1.45659e+18, 8.73142e+17, 1.12571e+18, 6.36996e+16, 6.57387e+16, 3.13335e+16, -1.759e+18, 1.76851e+16, 7.07229e+17, 3.44978e+16, 3.11024e+16, 8.47583e+16, -1.63115e+15, -7.91706e+14, 5.21173e+14, 5.34223e+13, -1.62913e+14, -8.38466e+13, 1.49992e+15, -1.63846e+15, -2.42248e+14, 3.45606e+13, 5.9081e+13, -1.78268e+14, 7.81582e+13, 9.10481e+11, -3.60647e+13, -3.47692e+12, 3.09454e+12, -7.45723e+12, 1.07764e+14, -7.63269e+12, 6.41178e+12, 5.71839e+11, 7.32551e+11, -8.73918e+12, -3.70418e+07, -3.91001e+07, 5.90073e+07, -92452.5, 3.60002e+06, 2.32845e+06, -6.88522e+07, 4.18241e+07, 5.05074e+07, 1.02842e+06, 3.75755e+06, -1.78875e+06, -1.00039e+08, 1.83891e+07, 5.09251e+06, 727330, 4.07023e+06, -1.04043e+06, -8.58516e+07, -3.63988e+07, -2.58041e+07, -635553, 3.47893e+06, -2.54524e+06
-1.05324e+16, -1.88682e+15, -1.47244e+15, 4.1389e+13, 5.20428e+14, -5.7444e+14, -4.23817e+17, 1.26086e+18, 8.89961e+17, 5.34676e+16, 4.33879e+16, -3.52976e+16, -1.16019e+18, 6.95416e+17, 8.84002e+17, 5.03753e+16, 5.31309e+16, 2.50329e+16, -1.39696e+18, 2.08682e+16, 5.55623e+17, 2.69528e+16, 2.53447e+16, 6.78488e+16, 6.21765e+15, 3.05883e+15, -2.00866e+15, -2.07585e+14, 6.23394e+14, 3.20398e+14, -5.73889e+15, 6.2441e+15, 9.47253e+14, -1.3166e+14, -2.292e+14, 6.80649e+14, -3.57191e+14, -4.26484e+12, 1.64789e+14, 1.58918e+13, -1.41425e+13, 3.40829e+13, -4.92404e+14, 3.48494e+13, -2.92991e+13, -2.61292e+12, -3.34725e+12, 3.99323e+13, -8.91263e+07, -8.9419e+07, 1.28704e+08, -32280.3, 7.70142e+06, 5.49012e+06, -1.60472e+08, 8.73493e+07, 1.09559e+08, 2.21416e+06, 8.41462e+06, -3.65569e+06, -2.18079e+08, 3.12169e+07, 5.09161e+06, 1.35051e+06, 8.92064e+06, -2.52328e+06, -1.81727e+08, -7.99297e+07, -5.81793e+07, -1.36103e+06, 7.47008e+06, -5.55293e+06
2.07962e+15, 5.94527e+14, 2.87502e+14, 1.55677e+13, -9.5865e+13, 1.05132e+14, 3.44812e+17, -1.04204e+18, -7.39018e+17, -4.4163e+16, -3.52976e+16, 2.90536e+16, 9.56151e+17, -5.73152e+17, -7.3537e+17, -4.16963e+16, -4.3363e+16, -2.05298e+16, 1.15382e+18, -1.36528e+16, -4.62083e+17, -2.25034e+16, -2.0609e+16, -5.57638e+16, -1.28069e+15, -5.39681e+14, 3.92545e+14, 2.99301e+13, -1.25349e+14, -6.74395e+13, 1.12469e+15, -1.30269e+15, -1.13656e+14, 2.77395e+13, 3.40699e+13, -1.38153e+14, -1.29662e+14, -1.54528e+12, 5.982e+13, 5.76874e+12, -5.13382e+12, 1.23722e+13, -1.78749e+14, 1.2652e+13, -1.06359e+13, -9.4852e+11, -1.21511e+12, 1.4496e+13, 2.80233e+07, 4.08987e+07, -2.62352e+07, 1.55284e+06, -4.57189e+06, -1.79369e+06, 6.74759e+07, -2.91718e+07, -3.9462e+07, -453602, -3.91289e+06, 2.39328e+06, 9.93828e+07, -1.21199e+07, 1.06042e+06, -647918, -4.06551e+06, 1.41256e+06, 8.18484e+07, 3.72326e+07, 2.84909e+07, 512556, -3.41416e+06, 2.61272e+06
1.53394e+16, 2.21375e+14, 1.92071e+15, -4.20241e+14, -8.26435e+14, 1.08814e+15, 1.13326e+19, -3.43591e+19, -2.43918e+19, -1.45659e+18, -1.16019e+18, 9.56151e+17, 8.22115e+19, -1.86879e+19, -4.09735e+19, -1.37113e+18, -4.0398e+18, -6.95787e+17, 8.95406e+19, 1.04457e+19, -1.03727e+19, -1.665e+17, -2.73068e+18, -3.346e+18, 4.26179e+19, -2.06592e+19, 2.44598e+19, 9.78742e+16, -1.91063e+18, -1.78308e+18, 2.03265e+16, 2.10665e+16, 9.36063e+15, 5.22065e+14, 9.59283e+14, -2.73511e+15, 2.07219e+15, 5.14624e+13, -9.62748e+14, -9.18101e+13, 8.1691e+13, -1.98992e+14, 2.86467e+15, -1.79479e+14, 1.59454e+14, 1.60177e+13, 1.87163e+13, -2.32311e+14, 7.03207e+12, 2.20672e+13, -1.13332e+13, 8.85269e+11, -6.74798e+11, -6.56123e+11, 1.92674e+13, 1.11666e+12, -1.74346e+13, 6.00256e+11, -9.23742e+11, 6.7491e+11, 2.58731e+13, 5.59012e+12, -3.92222e+12, 2.72635e+11, -7.92626e+11, 9.83127e+11, 6.62064e+12, 2.69548e+12, 1.86589e+12, 5.76423e+10, -3.24417e+11, 2.64032e+11
-9.86926e+15, -1.09787e+15, -1.59199e+15, 5.15826e+13, 5.04707e+14, -4.76768e+14, -6.79501e+18, 2.05986e+19, 1.46156e+19, 8.73142e+17, 6.95416e+17, -5.73152e+17, -1.86879e+19, 1.13312e+19, 1.44846e+19, 8.24579e+17, 8.44348e+17, 4.05657e+17, -2.25978e+19, 3.01e+17, 9.16568e+18, 4.47991e+17, 3.97344e+17, 1.09457e+18, 1.72379e+17, -7.3878e+16, 9.64394e+16, 2.95719e+14, -7.04154e+15, -6.5745e+15, -7.96774e+14, 1.68071e+16, 5.57054e+15, 1.82841e+13, -5.94294e+13, -6.71472e+13, -1.29446e+15, -1.1216e+13, 5.98163e+14, 5.76445e+13, -5.11905e+13, 1.23426e+14, -1.78552e+15, 1.28742e+14, -1.06236e+14, -9.37327e+12, -1.20975e+13, 1.44788e+14, -3.90833e+11, 1.6952e+12, 5.1301e+10, 9.69709e+10, 4.75398e+10, 5.24982e+09, 2.69579e+11, 1.21185e+12, -8.91162e+11, 1.03614e+11, 2.54792e+10, 1.79144e+10, 3.36787e+11, 1.14173e+12, -4.40261e+11, 5.47878e+10, 5.13958e+10, 7.78567e+10, -1.75303e+12, -7.16341e+11, -4.9727e+11, -1.51772e+10, 8.54452e+10, -6.95456e+10
1.47347e+17, 3.20269e+16, 2.23147e+16, 6.12882e+14, -7.13911e+15, 6.84884e+15, -8.62772e+18, 2.65448e+19, 1.89306e+19, 1.12571e+18, 8.84002e+17, -7.3537e+17, -4.09735e+19, 1.44846e+19, 2.4369e+19, 1.06284e+18, 1.94973e+18, 5.26782e+17, -4.63192e+19, -3.33958e+18, 1.02454e+19, 3.8937e+17, 1.1905e+18, 1.90774e+18, -1.41209e+19, 6.75802e+18, -8.02462e+18, -2.92704e+16, 6.2017e+17, 5.82496e+17, 7.52339e+16, -9.6825e+16, -1.67668e+16, 1.7082e+15, 2.94696e+15, -8.81482e+15, 4.27702e+15, 4.73446e+13, -1.97241e+15, -1.9031e+14, 1.69395e+14, -4.07923e+14, 5.89534e+15, -4.20096e+14, 3.52224e+14, 3.11913e+13, 4.01835e+13, -4.78083e+14, -1.00123e+12, -2.6423e+12, 1.50409e+12, -1.01633e+11, 9.9961e+10, 8.97634e+10, -2.51745e+12, 5.60941e+10, 2.16732e+12, -6.19302e+10, 1.29646e+11, -8.79186e+10, -3.38819e+12, -5.47089e+11, 4.55742e+11, -2.67064e+10, 1.16726e+11, -1.18465e+11, -1.18573e+12, -4.7264e+11, -3.21799e+11, -1.0632e+10, 5.97335e+10, -4.85869e+10
3.96565e+15, 9.2818e+14, 6.6867e+14, 4.65533e+13, -1.91614e+14, 1.43508e+14, -4.91735e+17, 1.50165e+18, 1.06823e+18, 6.36996e+16, 5.03753e+16, -4.16963e+16, -1.37113e+18, 8.24579e+17, 1.06284e+18, 6.01816e+16, 6.17655e+16, 2.9537e+16, -1.65725e+18, 1.707e+16, 6.69038e+17, 3.2688e+16, 2.91542e+16, 7.98805e+16, 1.15854e+15, -2.60321e+15, 2.80422e+15, 9.65961e+13, -3.8505e+14, -2.50797e+14, 2.31223e+15, -1.69555e+15, -1.72303e+14, 5.3593e+13, 9.90118e+13, -2.79461e+14, 2.26495e+14, 2.77824e+12, -1.04483e+14, -1.00704e+13, 8.97238e+12, -2.16129e+13, 3.12248e+14, -2.19996e+13, 1.85858e+13, 1.66363e+12, 2.12674e+12, -2.5322e+13, -3.84591e+10, 1.03679e+11, 1.46853e+10, 6.26932e+09, 4.74247e+09, 1.43209e+09, -2.70947e+09, 9.02002e+10, -4.7853e+10, 7.21282e+09, 3.41746e+09, 3.74374e+08, -5.31365e+09, 8.01848e+10, -2.81332e+10, 3.8803e+09, 5.25025e+09, 4.60707e+09, -1.41341e+11, -5.65772e+10, -3.86311e+10, -1.28328e+09, 7.20445e+09, -5.85076e+09
-1.03325e+16, -1.97192e+15, -1.44778e+15, 2.6001e+13, 5.06899e+14, -5.56241e+14, -5.19013e+17, 1.55056e+18, 1.09585e+18, 6.57387e+16, 5.31309e+16, -4.3363e+16, -4.0398e+18, 8.44348e+17, 1.94973e+18, 6.17655e+16, 1.99902e+17, 3.16874e+16, -4.37321e+18, -5.36132e+17, 4.32748e+17, 3.5038e+15, 1.3696e+17, 1.61183e+17, -2.19157e+18, 1.06775e+18, -1.26281e+18, -5.22429e+15, 9.90742e+16, 9.22253e+16, -6.2113e+15, 4.57578e+15, 2.9922e+14, -1.47574e+14, -2.46988e+14, 7.60204e+14, -2.53726e+14, -4.19581e+12, 1.17466e+14, 1.12715e+13, -1.00232e+13, 2.42739e+13, -3.50263e+14, 2.36946e+13, -2.0263e+13, -1.8965e+12, -2.33768e+12, 2.84053e+13, -3.97266e+11, -1.07497e+12, 5.98134e+11, -4.17864e+10, 3.94576e+10, 3.58583e+10, -1.00968e+12, 6.53314e+09, 8.74211e+11, -2.59736e+10, 5.15869e+10, -3.5385e+10, -1.35639e+12, -2.3331e+11, 1.85608e+11, -1.1319e+10, 4.61179e+10, -4.83005e+10, -4.49989e+11, -1.80157e+11, -1.23032e+11, -4.08208e+09, 2.29188e+10, -1.86154e+10
-1.06244e+15, 2.16017e+14, -6.64826e+13, 7.67263e+13, 6.33005e+13, -1.21536e+14, -2.4425e+17, 7.37863e+17, 5.23192e+17, 3.13335e+16, 2.50329e+16, -2.05298e+16, -6.95787e+17, 4.05657e+17, 5.26782e+17, 2.9537e+16, 3.16874e+16, 1.46271e+16, -8.35551e+17, 5.44952e+15, 3.25261e+17, 1.57036e+16, 1.53142e+16, 4.00012e+16, -1.51968e+16, 8.00621e+15, -9.33307e+15, -6.87138e+13, 7.7684e+14, 6.92429e+14, -6.82248e+14, 4.85725e+14, 1.03898e+14, -1.45833e+13, -3.56437e+13, 7.93154e+13, -1.86599e+14, -1.80191e+12, 8.60094e+13, 8.31667e+12, -7.38619e+12, 1.77879e+13, -2.57114e+14, 1.86327e+13, -1.54294e+13, -1.34411e+12, -1.75153e+12, 2.08515e+13, 3.37248e+10, 4.32009e+11, -1.22024e+11, 2.05087e+10, -1.79246e+09, -6.31845e+09, 2.40739e+11, 1.47103e+11, -2.91259e+11, 1.82025e+10, -6.88226e+09, 9.20686e+09, 3.20691e+11, 1.88852e+11, -9.14569e+10, 9.14741e+09, -2.53168e+09, 1.93226e+10, -1.23707e+11, -4.94853e+10, -3.37653e+10, -1.1268e+09, 6.32196e+09, -5.13243e+09
-3.15989e+16, -7.87003e+15, -4.5022e+15, -1.55113e+14, 1.50106e+15, -1.55938e+15, 1.36456e+19, -4.14984e+19, -2.94865e+19, -1.759e+18, -1.39696e+18, 1.15382e+18, 8.95406e+19, -2.25978e+19, -4.63192e+19, -1.65725e+18, -4.37321e+18, -8.35551e+17, 9.8254e+19, 1.0557e+19, -1.34877e+19, -3.13496e+17, -2.90111e+18, -3.74898e+18, 4.33209e+19, -2.09735e+19, 2.48378e+19, 9.84638e+16, -1.93808e+18, -1.80991e+18, -5.93322e+15, 4.7333e+16, 1.29161e+16, -8.62469e+13, -9.23303e+13, 4.03124e+14, 5.61839e+14, 5.86681e+13, -2.84108e+14, -2.30276e+13, 1.90999e+13, -5.51374e+13, 7.94874e+14, -1.08898e+13, 1.66852e+13, 6.16106e+12, 1.84282e+12, -6.22415e+13, 3.42076e+13, 4.34928e+13, -3.08711e+13, 2.40189e+12, -3.15465e+12, -7.30048e+11, 3.63775e+13, -2.99756e+12, -3.05554e+13, 7.62292e+11, -2.24959e+12, 1.44791e+12, 4.97594e+13, 5.29032e+12, -7.29923e+12, 2.9051e+11, -2.10427e+12, 1.795e+12, 2.16821e+13, 7.24135e+12, 4.31049e+12, 2.06603e+11, -1.24146e+12, 1.0505e+12
-8.67749e+16, -1.78722e+16, -1.30668e+16, -2.2409e+14, 4.2304e+15, -4.12713e+15, -2.07885e+17, 4.24139e+17, 2.55778e+17, 1.76851e+16, 2.08682e+16, -1.36528e+16, 1.04457e+19, 3.01e+17, -3.33958e+18, 1.707e+16, -5.36132e+17, 5.44952e+15, 1.0557e+19, 2.38696e+18, 1.20072e+18, 1.30283e+17, -4.27466e+17, -2.96745e+17, 9.18818e+18, -4.39896e+18, 5.22833e+18, 1.93306e+16, -4.04416e+17, -3.7942e+17, -4.04218e+16, 6.70053e+16, 1.39936e+16, -8.85258e+14, -1.58924e+15, 4.5875e+15, -3.17791e+15, -4.37143e+13, 1.47774e+15, 1.39524e+14, -1.2338e+14, 3.01473e+14, -4.38289e+15, 3.04945e+14, -2.50889e+14, -2.38333e+13, -2.79843e+13, 3.52428e+14, -2.17118e+13, -5.08871e+12, 9.19258e+12, -9.17912e+11, 1.47549e+12, -1.0629e+12, 3.3308e+12, 7.47455e+11, -3.3699e+12, 1.55743e+11, -1.69447e+11, 1.3855e+11, 4.54174e+12, 1.3928e+12, -9.94702e+11, 7.31134e+10, -1.34297e+11, 2.20931e+11, 3.85159e+11, 3.68468e+10, -3.02422e+10, 4.77019e+09, -3.09001e+10, 2.74314e+10
8.86189e+16, 1.89032e+16, 1.32195e+16, 2.64633e+14, -4.30286e+15, 4.23863e+15, -5.42403e+18, 1.66787e+19, 1.18891e+19, 7.07229e+17, 5.55623e+17, -4.62083e+17, -1.03727e+19, 9.16568e+18, 1.02454e+19, 6.69038e+17, 4.32748e+17, 3.25261e+17, -1.34877e+19, 1.20072e+18, 7.91675e+18, 4.19449e+17, 1.25359e+17, 7.40962e+17, 4.05265e+18, -2.01258e+18, 2.37303e+18, 1.11562e+16, -1.89135e+17, -1.74263e+17, 5.09727e+16, -4.43341e+16, -4.68214e+15, 1.19289e+15, 2.02157e+15, -6.15094e+15, 2.43208e+15, 4.12435e+13, -1.12435e+15, -1.07779e+14, 9.59777e+13, -2.32281e+14, 3.35467e+15, -2.27158e+14, 1.9546e+14, 1.8228e+13, 2.24314e+13, -2.71702e+14, 4.41906e+12, 9.50335e+12, -4.10863e+12, 4.80397e+11, -2.99467e+11, -8.28783e+10, 5.73199e+12, 1.59857e+12, -5.83176e+12, 2.90744e+11, -2.30916e+11, 2.10899e+11, 7.64212e+12, 2.76106e+12, -1.52324e+12, 1.41455e+11, -1.63512e+11, 3.68678e+11, -4.06978e+10, 5.81449e+10, 7.53118e+10, -1.09123e+09, 8.35567e+09, -7.97819e+09
6.2381e+15, 1.2139e+15, 9.51679e+14, 1.25883e+13, -3.06919e+14, 2.92038e+14, -2.63052e+17, 8.13322e+17, 5.80676e+17, 3.44978e+16, 2.69528e+16, -2.25034e+16, -1.665e+17, 4.47991e+17, 3.8937e+17, 3.2688e+16, 3.5038e+15, 1.57036e+16, -3.13496e+17, 1.30283e+17, 4.19449e+17, 2.43793e+16, -7.6998e+15, 2.59568e+16, 4.81223e+17, -2.36526e+17, 2.79441e+17, 1.24422e+15, -2.20902e+16, -2.04539e+16, 3.69607e+15, -2.71176e+15, -2.5574e+14, 8.61233e+13, 1.56445e+14, -4.47939e+14, 3.2219e+14, 3.09328e+12, -1.47746e+14, -1.44825e+13, 1.29536e+13, -3.08728e+13, 4.4406e+14, -3.19712e+13, 2.72497e+13, 2.30609e+12, 3.16744e+12, -3.62508e+13, -1.75094e+12, -4.76427e+11, 7.7259e+11, -7.79849e+10, 1.21856e+11, -8.30531e+10, 2.12184e+11, 4.66783e+10, -2.10946e+11, 9.89089e+09, -9.78377e+09, 8.23749e+09, 2.85531e+11, 8.94776e+10, -5.67385e+10, 4.70985e+09, -7.52893e+09, 1.35146e+10, 2.06227e+10, 7.11818e+09, 4.34505e+09, 2.03991e+08, -1.20379e+09, 1.02016e+09
-7.61826e+15, -1.71369e+15, -1.12046e+15, -2.7393e+13, 3.6685e+14, -3.69162e+14, -2.47765e+17, 7.34349e+17, 5.17765e+17, 3.11024e+16, 2.53447e+16, -2.0609e+16, -2.73068e+18, 3.97344e+17, 1.1905e+18, 2.91542e+16, 1.3696e+17, 1.53142e+16, -2.90111e+18, -4.27466e+17, 1.25359e+17, -7.6998e+15, 9.80966e+16, 1.00799e+17, -1.72264e+18, 8.3897e+17, -9.92309e+17, -4.08889e+15, 7.78291e+16, 7.2465e+16, -4.5536e+15, 3.36181e+15, 1.78494e+14, -1.09065e+14, -1.75808e+14, 5.59671e+14, -9.32702e+13, -4.13925e+12, 4.4735e+13, 3.99766e+12, -3.46018e+12, 8.95691e+12, -1.29855e+14, 6.48171e+12, -5.75864e+12, -8.14897e+11, -6.37239e+11, 1.03448e+13, -2.41192e+12, -2.62454e+12, 1.96471e+12, -1.59354e+11, 2.1535e+11, 2.31528e+10, -2.04873e+12, 1.81916e+11, 1.71049e+12, -4.16787e+10, 1.30379e+11, -8.32741e+10, -2.80598e+12, -2.7983e+11, 4.16595e+11, -1.54652e+10, 1.22587e+11, -1.01932e+11, -1.25229e+12, -4.0715e+11, -2.36381e+11, -1.21641e+10, 7.3581e+10, -6.24243e+10
-5.31878e+15, -1.09384e+15, -8.01778e+14, -1.31667e+13, 2.58779e+14, -2.54365e+14, -6.62945e+17, 2.00012e+18, 1.41775e+18, 8.47583e+16, 6.78488e+16, -5.57638e+16, -3.346e+18, 1.09457e+18, 1.90774e+18, 7.98805e+16, 1.61183e+17, 4.00012e+16, -3.74898e+18, -2.96745e+17, 7.40963e+17, 2.59568e+16, 1.00799e+17, 1.52075e+17, -1.26655e+18, 6.16723e+17, -7.29395e+17, -3.00657e+15, 5.71937e+16, 5.32593e+16, -3.16332e+15, 2.31994e+15, 1.80595e+14, -7.44429e+13, -1.29175e+14, 3.85525e+14, -1.9326e+14, -3.4509e+12, 8.99471e+13, 8.60519e+12, -7.55232e+12, 1.85436e+13, -2.67259e+14, 1.79597e+13, -1.49561e+13, -1.44118e+12, -1.68577e+12, 2.1668e+13, -1.0464e+12, -9.348e+11, 1.0192e+12, -3.58327e+10, 1.27176e+11, 6.83421e+10, -1.49726e+12, 6.27899e+11, 9.88578e+11, 1.2042e+10, 1.22818e+11, -6.3219e+10, -2.08564e+12, 2.51655e+11, 1.9525e+11, 1.22701e+10, 1.28135e+11, -5.15454e+10, -1.73918e+12, -5.6682e+11, -3.29742e+11, -1.68876e+10, 1.02016e+11, -8.64763e+10
-9.61927e+16, -2.0998e+16, -1.42616e+16, -3.13813e+14, 4.65582e+15, -4.6222e+15, -6.29752e+16, -3.11632e+16, -6.96919e+16, -1.63115e+15, 6.21765e+15, -1.28069e+15, 4.26179e+19, 1.72379e+17, -1.41209e+19, 1.15854e+15, -2.19157e+18, -1.51968e+16, 4.33209e+19, 9.18818e+18, 4.05265e+18, 4.81223e+17, -1.72264e+18, -1.26655e+18, 3.58928e+19, -1.73359e+19, 2.05427e+19, 8.01567e+16, -1.59989e+18, -1.49573e+18, -4.14235e+16, 8.363e+16, 1.81977e+16, -8.92792e+14, -1.53581e+15, 4.60797e+15, -2.0657e+15, 1.38595e+14, 8.60352e+14, 9.83389e+13, -8.31889e+13, 1.7747e+14, -2.7414e+15, 3.51756e+14, -2.53245e+14, -8.82278e+11, -2.63112e+13, 2.17709e+14, 3.42312e+13, 1.55833e+14, -7.61923e+13, 1.40577e+13, -6.75966e+12, -7.82218e+12, 1.17305e+14, 2.52967e+13, -1.10991e+14, 1.07457e+13, -1.04702e+13, 8.7768e+12, 1.6163e+14, 2.66044e+13, -4.14771e+13, 5.17958e+12, -8.0062e+12, 1.45315e+13, 1.82543e+13, 5.74201e+12, 3.21014e+12, 1.81184e+11, -1.0916e+12, 9.19142e+11
-4.65939e+16, -8.96999e+15, -7.12874e+15, -8.70702e+13, 2.29305e+15, -2.18276e+15, -3.17891e+16, -1.43349e+16, -3.32905e+16, -7.91706e+14, 3.05883e+15, -5.39681e+14, -2.06592e+19, -7.3878e+16, 6.75802e+18, -2.60321e+15, 1.06775e+18, 8.00621e+15, -2.09735e+19, -4.39896e+18, -2.01258e+18, -2.36526e+17, 8.3897e+17, 6.16723e+17, -1.73359e+19, 8.42988e+18, -9.96867e+18, -4.05334e+16, 7.80479e+17, 7.27585e+17, -2.63946e+16, 2.38864e+16, 3.38211e+15, -6.03822e+14, -1.10419e+15, 3.1402e+15, -2.52789e+15, -1.26738e+14, 1.228e+15, 1.06683e+14, -9.57374e+13, 2.48141e+14, -3.53929e+15, 1.59547e+14, -1.49965e+14, -2.61777e+13, -1.7602e+13, 2.84725e+14, -5.06351e+13, -8.9062e+13, 5.35431e+13, -8.1047e+12, 5.51848e+12, 2.31659e+12, -5.77763e+13, -1.11014e+13, 5.41505e+13, -4.91956e+12, 4.93192e+12, -4.09454e+12, -7.9381e+13, -1.30366e+13, 1.93802e+13, -2.36389e+12, 3.80658e+12, -6.72282e+12, -1.07488e+13, -3.67294e+12, -2.23275e+12, -1.01375e+11, 6.06527e+11, -5.11896e+11
2.99272e+16, 6.20365e+15, 4.49705e+15, 7.98622e+13, -1.45886e+15, 1.42271e+15, 2.09788e+16, 9.66765e+15, 2.1386e+16, 5.21173e+14, -2.00866e+15, 3.92545e+14, 2.44598e+19, 9.64394e+16, -8.02462e+18, 2.80422e+15, -1.26281e+18, -9.33307e+15, 2.48378e+19, 5.22833e+18, 2.37303e+18, 2.79441e+17, -9.92309e+17, -7.29395e+17, 2.05427e+19, -9.96867e+18, 1.18035e+19, 4.76946e+16, -9.22939e+17, -8.60636e+17, 2.44684e+16, 3.35338e+15, 5.26593e+15, 6.10973e+14, 1.02134e+15, -3.15159e+15, 1.04095e+15, 7.07347e+13, -5.06126e+14, -4.43621e+13, 4.05233e+13, -1.0471e+14, 1.46467e+15, -4.96016e+13, 5.87479e+13, 1.16465e+13, 7.55593e+12, -1.19686e+14, 1.39543e+13, 5.25426e+13, -2.52155e+13, 4.03085e+12, -2.10342e+12, -2.21829e+12, 3.96651e+13, 7.5469e+12, -3.74868e+13, 2.99813e+12, -3.06103e+12, 2.52907e+12, 5.42695e+13, 1.03966e+13, -1.26402e+13, 1.43561e+12, -2.37677e+12, 4.12847e+12, 7.17324e+12, 2.40182e+12, 1.43211e+12, 6.88038e+10, -4.12363e+11, 3.47643e+11
3.17474e+15, 5.29013e+14, 5.00849e+14, 1.48829e+12, -1.58833e+14, 1.44882e+14, 2.18283e+15, 9.16742e+14, 2.24673e+15, 5.34223e+13, -2.07585e+14, 2.99301e+13, 9.78742e+16, 2.95719e+14, -2.92704e+16, 9.65961e+13, -5.22429e+15, -6.87138e+13, 9.84638e+16, 1.93306e+16, 1.11562e+16, 1.24422e+15, -4.08889e+15, -3.00657e+15, 8.01567e+16, -4.05334e+16, 4.76946e+16, 2.63904e+14, -3.85791e+15, -3.51407e+15, 1.86474e+15, -1.36333e+15, -1.79441e+14, 4.21041e+13, 8.54435e+13, -2.2285e+14, 2.78364e+14, -2.7416e+12, -1.24498e+14, -1.27956e+13, 1.12581e+13, -2.60869e+13, 3.80299e+14, -3.26935e+13, 2.63055e+13, 1.48965e+12, 2.96636e+12, -3.09681e+13, -2.83658e+12, -5.66219e+12, 3.09033e+12, -5.69123e+11, 3.18136e+11, 1.41465e+11, -3.19427e+12, -1.19429e+12, 3.17814e+12, -3.72505e+11, 2.93882e+11, -2.66844e+11, -4.34809e+12, -1.02227e+12, 1.26316e+12, -1.82811e+11, 2.07162e+11, -4.6896e+11, 2.39883e+11, 7.41656e+10, 4.0612e+10, 2.44919e+09, -1.47232e+10, 1.23313e+10
-9.54448e+15, -2.03927e+15, -1.42318e+15, -2.87489e+13, 4.63361e+14, -4.56571e+14, -6.37092e+15, -3.07642e+15, -6.88356e+15, -1.62913e+14, 6.23394e+14, -1.25349e+14, -1.91063e+18, -7.04154e+15, 6.2017e+17, -3.8505e+14, 9.90742e+16, 7.7684e+14, -1.93808e+18, -4.04416e+17, -1.89135e+17, -2.20902e+16, 7.78291e+16, 5.71937e+16, -1.59989e+18, 7.80479e+17, -9.22939e+17, -3.85791e+15, 7.24934e+16, 6.74279e+16, -5.69122e+15, 4.1753e+15, 2.87124e+14, -1.35507e+14, -2.27038e+14, 6.96551e+14, -2.52232e+14, -1.74399e+13, 1.24759e+14, 1.05955e+13, -9.87792e+12, 2.58595e+13, -3.57372e+14, 1.11216e+13, -1.33195e+13, -3.1806e+12, -1.74795e+12, 2.94045e+13, -2.94658e+12, -1.40641e+13, 6.56756e+12, -1.31782e+12, 5.94712e+11, 7.05561e+11, -1.02438e+13, -2.6922e+12, 9.71662e+12, -1.01875e+12, 9.38251e+11, -8.02702e+11, -1.40099e+13, -2.55286e+12, 3.70897e+12, -4.93576e+11, 7.03633e+11, -1.35039e+12, -1.02451e+12, -3.15403e+11, -1.72282e+11, -1.03817e+10, 6.27563e+10, -5.28069e+10
-4.90264e+15, -1.08457e+15, -7.24213e+14, -1.67719e+13, 2.36843e+14, -2.36258e+14, -3.26104e+15, -1.60606e+15, -3.54594e+15, -8.38466e+13, 3.20398e+14, -6.74395e+13, -1.78308e+18, -6.5745e+15, 5.82496e+17, -2.50797e+14, 9.22253e+16, 6.92429e+14, -1.80991e+18, -3.7942e+17, -1.74263e+17, -2.04539e+16, 7.2465e+16, 5.32593e+16, -1.49573e+18, 7.27585e+17, -8.60636e+17, -3.51407e+15, 6.74279e+16, 6.28274e+16, -2.93151e+15, 2.15077e+15, 1.25577e+14, -7.00975e+13, -1.14276e+14, 3.59947e+14, -8.34179e+13, -7.79594e+12, 4.28499e+13, 3.40415e+12, -3.03487e+12, 8.63127e+12, -1.19396e+14, 2.06082e+12, -2.77857e+12, -1.14802e+12, -3.34832e+11, 9.68218e+12, -3.23153e+12, -6.29262e+12, 3.87649e+12, -5.57293e+11, 4.25288e+11, 2.74034e+11, -5.07116e+12, -2.93001e+11, 4.3801e+12, -3.44411e+11, 4.6126e+11, -3.49551e+11, -6.99763e+12, -5.98471e+11, 1.52881e+12, -1.59966e+11, 3.84673e+11, -5.29101e+11, -2.14696e+12, -6.5924e+11, -3.589e+11, -2.17947e+10, 1.31673e+11, -1.10671e+11
8.76153e+16, 1.83692e+16, 1.31285e+16, 2.44957e+14, -4.2645e+15, 4.17473e+15, 5.89221e+16, 2.80972e+16, 6.30512e+16, 1.49992e+15, -5.73889e+15, 1.12469e+15, 2.03265e+16, -7.96774e+14, 7.52339e+16, 2.31223e+15, -6.2113e+15, -6.82248e+14, -5.93322e+15, -4.04218e+16, 5.09727e+16, 3.69607e+15, -4.5536e+15, -3.16332e+15, -4.14235e+16, -2.63946e+16, 2.44684e+16, 1.86474e+15, -5.69122e+15, -2.93151e+15, 5.16874e+16, -4.12035e+16, -3.90893e+15, 1.19059e+15, 2.05369e+15, -6.267e+15, 3.07958e+15, 1.9036e+14, -1.43078e+15, -1.2418e+14, 7.80717e+13, -3.08441e+14, 4.32766e+15, -1.37139e+14, 2.37901e+14, 3.51455e+13, -1.71366e+13, -3.39076e+14, 4.90474e+14, 1.93476e+14, -2.27412e+13, 1.72793e+13, -4.39585e+13, -2.20739e+13, 4.1652e+14, -1.82038e+13, -1.65997e+13, -3.1606e+11, -4.12256e+13, 2.2094e+13, 3.77104e+14, 2.59011e+13, 1.04629e+14, -2.02134e+12, -4.20655e+13, 2.00169e+13, 1.79131e+14, 1.26386e+14, 1.13295e+14, 5.58986e+12, -3.18282e+13, 2.67079e+13
-9.67159e+16, -2.13137e+16, -1.43022e+16, -3.26411e+14, 4.67481e+15, -4.65677e+15, -6.31096e+16, -3.14337e+16, -7.01467e+16, -1.63846e+15, 6.2441e+15, -1.30269e+15, 2.10665e+16, 1.68071e+16, -9.6825e+16, -1.69555e+15, 4.57578e+15, 4.85725e+14, 4.7333e+16, 6.70053e+16, -4.43341e+16, -2.71176e+15, 3.36181e+15, 2.31994e+15, 8.363e+16, 2.38864e+16, 3.35338e+15, -1.36333e+15, 4.1753e+15, 2.15077e+15, -4.12035e+16, 8.55009e+16, 1.86955e+16, -8.6594e+14, -1.5065e+15, 4.61574e+15, -2.01011e+15, 1.94888e+14, 7.60241e+14, 9.87296e+13, -4.30434e+13, 1.95653e+14, -2.72475e+15, 3.72227e+14, -3.3631e+14, -3.77119e+12, 1.73897e+13, 2.22677e+14, -3.70589e+14, 1.42169e+14, -1.49747e+14, 7.24841e+12, 3.6705e+13, 2.17495e+13, -2.89823e+14, 5.83243e+13, -1.75794e+14, 1.80176e+13, 3.67522e+13, -1.41915e+13, -1.77535e+14, 2.09117e+13, -1.75937e+14, 1.09271e+13, 4.18401e+13, -2.79837e+12, -1.86559e+14, -1.22695e+14, -1.07029e+14, -6.94704e+12, 3.96273e+13, -3.32679e+13
-1.48453e+16, -2.20653e+15, -2.39136e+15, 7.50018e+12, 7.51144e+14, -6.64951e+14, -9.92899e+15, -4.00877e+15, -1.04972e+16, -2.42248e+14, 9.47253e+14, -1.13656e+14, 9.36063e+15, 5.57054e+15, -1.67668e+16, -1.72303e+14, 2.9922e+14, 1.03898e+14, 1.29161e+16, 1.39936e+16, -4.68214e+15, -2.5574e+14, 1.78494e+14, 1.80595e+14, 1.81977e+16, 3.38211e+15, 5.26593e+15, -1.79441e+14, 2.87124e+14, 1.25577e+14, -3.90893e+15, 1.86955e+16, 5.7491e+15, -4.66687e+13, -1.89312e+14, 3.15911e+14, -1.73201e+15, -4.64445e+13, 8.0343e+14, 7.39346e+13, -5.40567e+13, 1.69722e+14, -2.41423e+15, 1.38656e+14, -1.39859e+14, -1.56798e+13, -1.09611e+12, 1.92269e+14, -1.59974e+14, -4.1213e+13, 5.51121e+12, -4.53025e+12, 1.45997e+13, 7.28044e+12, -1.34514e+14, 1.15229e+13, -6.35124e+12, 1.15335e+12, 1.36153e+13, -6.95067e+12, -1.17229e+14, -3.6536e+12, -4.12908e+13, 1.19417e+12, 1.41461e+13, -5.73612e+12, -6.44124e+13, -4.56553e+13, -4.09993e+13, -1.96148e+12, 1.11645e+13, -9.36807e+12
2.0187e+15, 4.48041e+14, 2.97932e+14, 6.98505e+12, -9.74755e+13, 9.73489e+13, 1.33736e+15, 6.63046e+14, 1.46108e+15, 3.45606e+13, -1.3166e+14, 2.77395e+13, 5.22065e+14, 1.8284e+13, 1.7082e+15, 5.3593e+13, -1.47574e+14, -1.45833e+13, -8.62469e+13, -8.85258e+14, 1.19289e+15, 8.61233e+13, -1.09065e+14, -7.44429e+13, -8.92792e+14, -6.03821e+14, 6.10973e+14, 4.21041e+13, -1.35507e+14, -7.00975e+13, 1.19059e+15, -8.65941e+14, -4.66687e+13, 3.22376e+13, 4.71209e+13, -1.40654e+14, 1.68564e+12, 1.21137e+13, -1.40428e+13, 6.64043e+11, 5.97962e+12, 2.85649e+12, -4.42896e+12, 7.61546e+12, -1.43753e+13, 4.28902e+10, 6.56216e+12, 1.13664e+12, -6.14606e+13, 2.02202e+12, -1.17359e+13, -5.26624e+11, 6.60539e+12, 4.2764e+12, -5.92504e+13, 7.4738e+12, -1.14493e+13, 1.59126e+12, 6.97445e+12, -3.2467e+12, -4.89671e+13, 9.40814e+11, -2.05494e+13, 1.1244e+12, 7.49077e+12, -2.09582e+12, -3.43515e+13, -1.97143e+13, -1.63003e+13, -1.11476e+12, 6.35066e+12, -5.33649e+12
3.50655e+15, 5.97565e+14, 5.50757e+14, 2.36098e+12, -1.75016e+14, 1.60645e+14, 2.40422e+15, 1.02219e+15, 2.48551e+15, 5.9081e+13, -2.292e+14, 3.40699e+13, 9.59283e+14, -5.94294e+13, 2.94696e+15, 9.90118e+13, -2.46988e+14, -3.56437e+13, -9.23303e+13, -1.58924e+15, 2.02157e+15, 1.56445e+14, -1.75808e+14, -1.29175e+14, -1.53581e+15, -1.10419e+15, 1.02134e+15, 8.54435e+13, -2.27038e+14, -1.14276e+14, 2.05369e+15, -1.5065e+15, -1.89312e+14, 4.71209e+13, 9.38678e+13, -2.46061e+14, 2.82007e+14, -5.15013e+12, -1.27586e+14, -1.33416e+13, 1.25017e+13, -2.6679e+13, 3.85899e+14, -3.59799e+13, 2.5771e+13, 1.41417e+12, 3.97476e+12, -3.20511e+13, -1.40759e+13, -9.04086e+12, 2.50393e+12, -8.03262e+11, 1.21449e+12, 3.31943e+11, -8.53329e+12, -3.89161e+11, 2.09636e+12, -2.042e+11, 9.06025e+11, -5.55137e+11, -8.55385e+12, -8.22264e+11, -6.75207e+11, -6.16609e+10, 8.73414e+11, -6.14866e+11, -3.06282e+12, -1.75469e+12, -1.45011e+12, -9.97163e+10, 5.68439e+11, -4.77701e+11
-1.04327e+16, -2.24877e+15, -1.55199e+15, -3.24907e+13, 5.05859e+14, -4.99981e+14, -6.94204e+15, -3.37893e+15, -7.53142e+15, -1.78268e+14, 6.80649e+14, -1.38153e+14, -2.73511e+15, -6.71471e+13, -8.81482e+15, -2.79461e+14, 7.60204e+14, 7.93154e+13, 4.03124e+14, 4.5875e+15, -6.15094e+15, -4.47939e+14, 5.59671e+14, 3.85525e+14, 4.60797e+15, 3.1402e+15, -3.15159e+15, -2.2285e+14, 6.96551e+14, 3.59947e+14, -6.267e+15, 4.61574e+15, 3.15911e+14, -1.40654e+14, -2.46061e+14, 7.82242e+14, -3.23659e+14, -7.99151e+12, 1.35074e+14, 1.46286e+13, 2.41776e+12, 4.26432e+13, -4.85467e+14, 1.84702e+13, -4.63724e+13, -5.53931e+12, 1.49653e+13, 4.22188e+13, -1.62732e+14, -2.90241e+13, -1.48983e+13, -4.54675e+12, 1.80749e+13, 1.24175e+13, -1.73538e+14, 1.13506e+13, -6.41505e+12, 1.52951e+12, 1.97843e+13, -1.01192e+13, -1.5541e+14, -4.35612e+12, -4.34108e+13, 1.64336e+12, 2.05162e+13, -8.49966e+12, -8.71691e+13, -4.99593e+13, -4.12831e+13, -2.82814e+12, 1.61117e+13, -1.35392e+13
5.37263e+15, -1.41207e+15, 1.27192e+15, -1.22256e+14, -3.41543e+14, 1.3724e+14, 4.7232e+15, -1.04006e+14, 3.13336e+15, 7.81582e+13, -3.57191e+14, -1.29662e+14, 2.07219e+15, -1.29446e+15, 4.27702e+15, 2.26495e+14, -2.53726e+14, -1.86599e+14, 5.61839e+14, -3.17791e+15, 2.43208e+15, 3.2219e+14, -9.32702e+13, -1.9326e+14, -2.0657e+15, -2.52789e+15, 1.04095e+15, 2.78364e+14, -2.52232e+14, -8.34179e+13, 3.07958e+15, -2.01011e+15, -1.73201e+15, 1.68564e+12, 2.82007e+14, -3.23659e+14, 4.06093e+15, 8.93985e+13, -1.72318e+15, -1.68617e+14, 6.53947e+13, -4.1652e+14, 5.68042e+15, -2.92818e+14, 4.84195e+14, 4.18569e+13, -6.14489e+13, -4.47825e+14, 1.05938e+15, 1.82495e+14, 1.2499e+14, 2.20386e+13, -9.69218e+13, -5.52917e+13, 9.69471e+14, -3.67045e+13, 1.37311e+14, -1.28661e+13, -9.62152e+13, 5.17419e+13, 6.94542e+14, 3.49877e+13, 3.6519e+14, -1.34579e+13, -1.01668e+14, 3.25542e+13, 3.88342e+14, 3.0913e+14, 2.89351e+14, 1.45378e+13, -8.44729e+13, 7.06313e+13
6.08877e+13, -1.61121e+13, 1.41889e+13, -1.3832e+12, -3.86296e+12, 1.55292e+12, 5.82051e+13, -5.36161e+10, 3.38972e+13, 9.10481e+11, -4.26484e+12, -1.54528e+12, 5.14624e+13, -1.1216e+13, 4.73446e+13, 2.77824e+12, -4.19581e+12, -1.80191e+12, 5.86681e+13, -4.37143e+13, 4.12435e+13, 3.09328e+12, -4.13925e+12, -3.4509e+12, 1.38595e+14, -1.26738e+14, 7.07347e+13, -2.7416e+12, -1.74399e+13, -7.79595e+12, 1.9036e+14, 1.94888e+14, -4.64445e+13, 1.21137e+13, -5.15013e+12, -7.9915e+12, 8.93985e+13, 8.38761e+14, -3.35343e+14, 4.61693e+13, -4.28815e+12, -1.54951e+13, 3.14275e+14, 7.79515e+14, -3.39704e+14, 4.73868e+13, -7.86848e+12, 9.2972e+12, 1.39187e+14, 7.69856e+14, -3.18725e+14, 4.83804e+13, -2.6651e+12, 1.12381e+13, 3.17833e+14, 1.52382e+14, -4.43383e+14, 3.75022e+13, 7.29175e+12, 2.63919e+13, 4.31198e+13, 2.67055e+13, -9.70885e+13, 7.78079e+12, 1.40926e+13, 6.70345e+12, -5.26816e+13, -3.63376e+13, -3.28418e+13, -2.86866e+12, 1.69704e+13, -1.41593e+13
-2.47967e+15, 6.51691e+14, -5.87118e+14, 5.64272e+13, 1.57637e+14, -6.33428e+13, -2.17846e+15, 4.83661e+13, -1.44667e+15, -3.60647e+13, 1.64789e+14, 5.982e+13, -9.62748e+14, 5.98163e+14, -1.97241e+15, -1.04483e+14, 1.17466e+14, 8.60094e+13, -2.84108e+14, 1.47774e+15, -1.12435e+15, -1.47746e+14, 4.4735e+13, 8.99471e+13, 8.60352e+14, 1.228e+15, -5.06126e+14, -1.24498e+14, 1.24759e+14, 4.28499e+13, -1.43078e+15, 7.60241e+14, 8.0343e+14, -1.40428e+13, -1.27586e+14, 1.35074e+14, -1.72318e+15, -3.35343e+14, 8.9444e+14, 5.58251e+13, -4.70283e+13, 1.72905e+14, -2.47238e+15, -1.37055e+14, -2.65359e+13, -3.23496e+13, 6.26142e+12, 1.84759e+14, -2.5823e+14, -3.13722e+14, 1.09271e+14, -2.22341e+13, 1.97056e+13, 6.37336e+12, -2.98764e+14, -4.08215e+13, 1.37879e+14, -1.14182e+13, 1.57614e+13, -1.86466e+13, -1.69624e+14, -1.7394e+13, -3.20314e+13, -9.67523e+11, 1.41474e+13, -9.88175e+12, -6.08968e+13, -5.23492e+13, -4.97986e+13, -1.62703e+12, 9.23379e+12, -7.74305e+12
-2.38981e+14, 6.28099e+13, -5.65804e+13, 5.43834e+12, 1.51926e+13, -6.10485e+12, -2.10154e+14, 4.61395e+12, -1.39358e+14, -3.47692e+12, 1.58918e+13, 5.76874e+12, -9.18101e+13, 5.76445e+13, -1.9031e+14, -1.00704e+13, 1.12715e+13, 8.31667e+12, -2.30276e+13, 1.39524e+14, -1.07779e+14, -1.44825e+13, 3.99766e+12, 8.60519e+12, 9.83389e+13, 1.06683e+14, -4.43621e+13, -1.27956e+13, 1.05955e+13, 3.40415e+12, -1.2418e+14, 9.87296e+13, 7.39346e+13, 6.64043e+11, -1.33416e+13, 1.46286e+13, -1.68617e+14, 4.61693e+13, 5.58251e+13, 1.05064e+13, -3.72701e+12, 1.77633e+13, -2.27761e+14, 5.98499e+13, -3.923e+13, 1.05092e+12, 1.77681e+12, 2.08602e+13, -2.96112e+13, 3.89959e+13, -2.23771e+13, 2.06021e+12, 3.71105e+12, 3.28287e+12, -2.20319e+13, 1.18287e+13, -2.84589e+13, 2.70163e+12, 4.62678e+12, -6.34903e+11, -3.09909e+13, 5.60697e+11, -1.80816e+13, 9.53615e+11, 5.2365e+12, -1.17089e+12, -2.25136e+13, -1.48323e+13, -1.30561e+13, -7.92113e+11, 4.58398e+12, -3.83906e+12
2.12705e+14, -5.59023e+13, 5.03599e+13, -4.84024e+12, -1.35221e+13, 5.43345e+12, 1.8701e+14, -4.11408e+12, 1.24048e+14, 3.09454e+12, -1.41425e+13, -5.13382e+12, 8.1691e+13, -5.11905e+13, 1.69395e+14, 8.97238e+12, -1.00232e+13, -7.38619e+12, 1.90999e+13, -1.2338e+14, 9.59777e+13, 1.29536e+13, -3.46018e+12, -7.55232e+12, -8.31889e+13, -9.57374e+13, 4.05233e+13, 1.12581e+13, -9.87792e+12, -3.03487e+12, 7.80717e+13, -4.30434e+13, -5.40567e+13, 5.97962e+12, 1.25017e+13, 2.41776e+12, 6.53947e+13, -4.28815e+12, -4.70283e+13, -3.72701e+12, 1.5862e+13, 1.11806e+12, 6.69062e+13, -1.99554e+13, -1.42779e+13, -1.91338e+12, 1.54379e+13, -4.96959e+12, -1.4352e+14, -2.60723e+13, -1.59106e+13, -3.67563e+12, 1.46757e+13, 9.27978e+12, -1.43161e+14, 6.07508e+12, -1.1942e+13, 1.44483e+12, 1.53652e+13, -8.20518e+12, -1.13578e+14, -4.17595e+12, -4.38076e+13, 1.67869e+12, 1.60536e+13, -5.9752e+12, -6.35052e+13, -4.18092e+13, -3.67965e+13, -2.23616e+12, 1.29434e+13, -1.08401e+13
