193.799, 100.04, 43.8157, 18.5712, -41.3511, 10.1996
100.04, 388.591, 29.3421, 77.2922, -20.6798, 8.14342
43.8157, 29.3421, 14.698, 8.18647, -9.40282, 2.10861
18.5712, 77.2922, 8.18647, 17.1264, -4.29184, 1.41139
-41.3511, -20.6798, -9.40282, -4.29184, 9.60058, -2.2966
10.1996, 8.14342, 2.10861, 1.41139, -2.2966, 0.903262
